982001
982005
982031
982032
982033
982033
982034
982048
982051
982052
982052
982053
982056
982058
982074
982077
982079
982086
982091
982094
982099
982103
982104
982105
982110
982110
982112
982120
982122
982125
982127
982127
982142
982145
982146
982152
982152
982157
982157
982163
982166
982169
982174
982175
982175
982181
982181
982185
982187
982188
982189
982197
982202
982205
982233
982238
982246
982258
982261
982268
982276
982277
982282
982285
982287
982289
982290
982292
982309
982311
982315
982328
982328
982340
982343
982344
982354
982354
982360
982365
982367
982373
982377
982383
982384
982390
982390
982398
982407
982412
982416
982417
982420
982433
982434
982434
982447
982449
982453
982455
982462
982463
982468
982472
982483
982487
982512
982516
982516
982519
982522
982525
982526
982528
982534
982535
982541
982544
982547
982562
982567
982579
982584
982586
982591
982605
982605
982611
982615
982615
982615
982624
982624
982626
982628
982636
982641
982642
982650
982656
982660
982661
982668
982671
982674
982676
982676
982679
982690
982691
982692
982694
982709
982710
982711
982724
982725
982725
982731
982731
982731
982739
982749
982753
982754
982756
982758
982767
982781
982781
982788
982788
982793
982798
982803
982804
982808
982814
982815
982821
982826
982835
982837
982837
982840
982845
982846
982847
982852
982853
982856
982858
982870
982870
982872
982876
982877
982877
982879
982883
982888
982888
982891
982891
982894
982897
982906
982911
982915
982918
982919
982927
982931
982933
982938
982945
982945
982949
982956
982961
982966
982970
982986
982988
982990
982990
982994
982998
982999
983004
983012
983020
983021
983026
983043
983044
983049
983054
983060
983068
983082
983090
983090
983098
983105
983121
983126
983126
983128
983129
983131
983135
983141
983150
983153
983158
983162
983168
983174
983175
983178
983178
983184
983184
983185
983192
983192
983196
983207
983209
983211
983214
983220
983237
983242
983247
983250
983253
983256
983256
983257
983266
983277
983279
983300
983301
983310
983313
983314
983316
983329
983335
983335
983337
983339
983341
983341
983351
983355
983365
983368
983374
983376
983376
983386
983390
983405
983405
983425
983433
983438
983439
983442
983450
983454
983456
983457
983461
983474
983475
983494
983496
983497
983498
983503
983505
983506
983512
983527
983532
983540
983542
983549
983555
983557
983561
983562
983568
983568
983569
983570
983571
983593
983594
983597
983611
983618
983619
983619
983622
983624
983625
983634
983637
983640
983642
983645
983645
983650
983651
983667
983669
983670
983675
983683
983684
983700
983703
983711
983713
983723
983728
983731
983733
983739
983751
983760
983761
983763
983768
983769
983780
983781
983786
983791
983792
983796
983797
983799
983799
983807
983808
983822
983842
983843
983844
983854
983855
983857
983860
983862
983863
983869
983870
983872
983874
983880
983892
983896
983897
983904
983905
983907
983915
983915
983922
983928
983936
983936
983938
983940
983949
983949
983950
983951
983955
983969
983970
983970
983981
983984
983984
983985
984005
984006
984015
984016
984018
984019
984029
984033
984035
984035
984035
984038
984039
984040
984042
984044
984046
984049
984065
984079
984079
984079
984082
984086
984092
984105
984105
984106
984106
984108
984109
984110
984121
984122
984125
984128
984135
984138
984147
984148
984151
984156
984156
984160
984165
984169
984173
984178
984183
984186
984188
984190
984198
984198
984201
984207
984212
984217
984218
984224
984226
984229
984230
984235
984241
984243
984254
984260
984260
984268
984269
984271
984275
984277
984279
984291
984295
984299
984301
984304
984310
984313
984313
984321
984323
984323
984325
984328
984337
984341
984346
984349
984351
984351
984353
984359
984360
984366
984375
984380
984381
984386
984393
984399
984402
984407
984409
984411
984412
984413
984414
984418
984435
984437
984453
984457
984460
984461
984468
984472
984473
984476
984477
984480
984484
984492
984507
984512
984516
984519
984520
984531
984539
984539
984540
984550
984553
984555
984558
984577
984587
984592
984594
984599
984618
984625
984640
984642
984648
984657
984668
984679
984688
984689
984692
984697
984712
984716
984716
984720
984724
984729
984730
984734
984742
984744
984746
984752
984753
984758
984761
984763
984764
984767
984772
984773
984775
984782
984785
984787
984792
984794
984797
984798
984799
984799
984799
984809
984809
984809
984809
984813
984813
984814
984820
984827
984833
984838
984842
984845
984848
984858
984872
984873
984887
984893
984895
984903
984903
984904
984907
984915
984915
984922
984929
984932
984934
984936
984940
984942
984944
984949
984959
984960
984965
984980
984998
984999
985002
985005
985006
985009
985011
985017
985017
985018
985018
985022
985031
985031
985043
985056
985059
985063
985064
985068
985075
985076
985079
985083
985099
985104
985106
985108
985111
985118
985137
985139
985139
985152
985157
985157
985159
985160
985163
985169
985170
985172
985175
985176
985179
985182
985186
985195
985195
985196
985197
985203
985203
985212
985212
985218
985220
985221
985228
985247
985247
985248
985249
985254
985255
985256
985261
985262
985266
985268
985285
985292
985292
985294
985294
985305
985310
985317
985319
985320
985321
985325
985326
985328
985329
985332
985337
985338
985339
985339
985342
985344
985344
985346
985346
985364
985366
985395
985405
985406
985406
985419
985420
985423
985426
985426
985431
985433
985439
985444
985445
985447
985448
985451
985452
985453
985454
985470
985472
985480
985481
985487
985495
985500
985503
985507
985507
985509
985510
985522
985523
985526
985526
985545
985547
985547
985563
985565
985567
985569
985575
985580
985581
985582
985588
985598
985603
985606
985607
985617
985619
985627
985628
985637
985645
985653
985664
985676
985679
985685
985696
985699
985706
985707
985713
985720
985743
985757
985764
985767
985772
985777
985782
985784
985787
985790
985791
985792
985795
985796
985800
985800
985801
985804
985812
985821
985826
985826
985831
985835
985845
985845
985848
985851
985857
985859
985866
985876
985880
985885
985886
985897
985900
985901
985902
985906
985916
985923
985924
985924
985924
985938
985954
985961
985962
985963
985972
985981
985987
985989
985993
985995
985999
986006
986011
986018
986025
986037
986046
986046
986047
986049
986050
986050
986057
986062
986065
986072
986078
986080
986085
986100
986107
986115
986117
986118
986119
986119
986121
986125
986131
986132
986134
986136
986140
986147
986155
986162
986165
986170
986171
986176
986186
986187
986188
986189
986189
986189
986192
986199
986209
986216
986217
986223
986229
986235
986241
986244
986245
986251
986256
986257
986264
986267
986268
986275
986276
986277
986280
986282
986285
986287
986288
986291
986298
986298
986302
986305
986308
986310
986314
986315
986331
986333
986335
986338
986349
986354
986354
986354
986357
986363
986364
986376
986385
986385
986387
986402
986404
986404
986428
986435
986435
986437
986439
986446
986446
986449
986452
986452
986459
986460
986463
986469
986471
986478
986480
986481
986497
986497
986508
986509
986516
986528
986534
986534
986540
986547
986548
986549
986554
986562
986562
986563
986570
986570
986572
986584
986588
986590
986618
986622
986630
986631
986636
986654
986654
986655
986658
986660
986664
986669
986672
986672
986675
986676
986677
986677
986679
986692
986699
986701
986708
986728
986728
986731
986735
986739
986740
986749
986750
986753
986756
986758
986766
986773
986775
986777
986780
986786
986788
986804
986806
986807
986807
986814
986816
986816
986825
986830
986835
986836
986841
986845
986846
986861
986861
986863
986874
986876
986877
986881
986899
986900
986901
986902
986907
986909
986919
986926
986928
986931
986935
986938
986942
986944
986949
986950
986960
986962
986975
986978
986978
986981
986982
986983
986995
986995
986998
987000
987008
987012
987017
987020
987026
987041
987047
987057
987063
987064
987068
987070
987079
987084
987090
987091
987091
987094
987107
987113
987117
987121
987121
987122
987127
987132
987155
987156
987159
987176
987187
987187
987187
987191
987192
987195
987195
987196
987197
987202
987205
987205
987211
987217
987226
987227
987235
987243
987245
987249
987249
987259
987260
987287
987292
987293
987294
987315
987320
987326
987326
987329
987332
987340
987347
987349
987352
987359
987368
987368
987371
987372
987373
987383
987388
987394
987403
987404
987409
987414
987423
987424
987425
987426
987428
987429
987431
987431
987436
987446
987446
987446
987448
987452
987455
987459
987460
987461
987466
987481
987485
987492
987498
987504
987505
987509
987514
987519
987526
987530
987537
987541
987544
987548
987557
987558
987567
987570
987571
987571
987572
987578
987581
987582
987586
987591
987591
987596
987596
987601
987605
987609
987620
987629
987631
987634
987634
987636
987638
987646
987654
987666
987670
987672
987680
987687
987688
987689
987693
987698
987707
987709
987720
987723
987724
987725
987746
987755
987759
987763
987764
987768
987770
987770
987777
987779
987785
987788
987793
987798
987830
987830
987833
987841
987842
987845
987851
987851
987853
987855
987855
987859
987861
987871
987880
987886
987886
987887
987888
987891
987892
987892
987894
987896
987899
987899
987900
987907
987908
987913
987921
987926
987929
987938
987939
987941
987943
987944
987947
987949
987951
987956
987956
987962
987965
987967
987974
987985
987986
987995
987998
988004
988005
988008
988013
988019
988027
988027
988030
988034
988038
988040
988041
988045
988047
988052
988053
988053
988056
988058
988062
988066
988077
988085
988093
988094
988096
988103
988110
988121
988136
988141
988142
988144
988146
988152
988162
988168
988168
988172
988175
988177
988198
988219
988224
988225
988228
988240
988243
988253
988256
988257
988258
988260
988264
988299
988302
988312
988312
988316
988319
988319
988320
988323
988327
988329
988332
988333
988342
988346
988347
988348
988350
988366
988371
988380
988383
988389
988391
988394
988407
988422
988440
988441
988447
988449
988453
988456
988464
988475
988482
988492
988497
988497
988509
988514
988515
988519
988530
988533
988540
988548
988548
988556
988559
988565
988568
988570
988570
988574
988574
988576
988576
988581
988584
988586
988589
988591
988605
988611
988614
988615
988621
988624
988643
988644
988646
988651
988651
988653
988654
988655
988664
988664
988668
988675
988684
988685
988692
988694
988694
988697
988702
988708
988712
988717
988721
988722
988724
988728
988731
988734
988737
988738
988749
988752
988777
988781
988781
988805
988806
988815
988827
988828
988829
988831
988835
988837
988839
988842
988845
988846
988846
988849
988850
988863
988871
988873
988878
988883
988883
988883
988884
988886
988888
988892
988895
988899
988908
988912
988912
988919
988921
988935
988944
988945
988946
988953
988961
988963
988965
988970
988974
988975
988984
988985
988988
988996
988996
989004
989006
989007
989011
989011
989020
989023
989029
989032
989032
989033
989034
989046
989051
989055
989057
989061
989063
989067
989072
989075
989075
989080
989081
989082
989095
989103
989107
989120
989132
989143
989154
989157
989164
989169
989177
989178
989180
989184
989185
989187
989192
989192
989203
989232
989234
989236
989241
989241
989243
989248
989254
989257
989257
989267
989268
989272
989272
989282
989284
989294
989299
989301
989307
989313
989321
989322
989322
989328
989329
989340
989345
989350
989359
989362
989368
989368
989369
989373
989398
989400
989401
989404
989406
989408
989409
989411
989417
989421
989422
989424
989435
989440
989450
989462
989467
989468
989468
989470
989474
989476
989481
989483
989496
989499
989500
989503
989503
989505
989507
989516
989523
989535
989539
989541
989541
989545
989545
989555
989560
989560
989562
989563
989565
989565
989573
989588
989592
989598
989608
989611
989615
989628
989631
989635
989638
989639
989646
989646
989649
989652
989658
989673
989674
989677
989686
989688
989693
989694
989694
989700
989701
989702
989707
989709
989713
989723
989723
989726
989726
989733
989741
989743
989744
989746
989753
989754
989755
989757
989757
989763
989766
989771
989774
989780
989782
989798
989817
989819
989821
989825
989826
989835
989838
989838
989838
989840
989845
989851
989855
989859
989864
989865
989866
989869
989869
989875
989882
989886
989887
989892
989893
989900
989901
989903
989907
989908
989909
989912
989914
989915
989920
989937
989943
989948
989951
989969
989972
989975
989976
989978
989985
989991
989993
990000
990006
990007
990010
990010
990010
990017
990017
990022
990028
990029
990040
990043
990044
990057
990059
990060
990062
990066
990075
990077
990080
990111
990117
990129
990135
990147
990161
990171
990185
990186
990187
990192
990199
990203
990204
990204
990206
990213
990213
990218
990230
990233
990242
990243
990250
990251
990252
990258
990260
990263
990270
990270
990277
990280
990281
990282
990283
990284
990284
990285
990286
990288
990290
990298
990298
990306
990317
990339
990342
990349
990356
990357
990365
990365
990372
990373
990377
990379
990379
990380
990392
990393
990395
990399
990403
990404
990424
990440
990454
990462
990469
990476
990479
990484
990495
990506
990506
990516
990520
990536
990541
990549
990550
990554
990556
990561
990563
990564
990566
990567
990577
990577
990578
990580
990581
990588
990591
990594
990595
990601
990606
990607
990608
990615
990616
990617
990619
990627
990627
990629
990634
990635
990638
990642
990648
990650
990659
990660
990664
990670
990671
990673
990680
990695
990699
990709
990709
990712
990712
990726
990740
990743
990752
990753
990758
990760
990760
990764
990768
990769
990775
990776
990778
990781
990785
990788
990794
990803
990803
990811
990814
990816
990842
990845
990852
990854
990858
990862
990867
990874
990879
990895
990896
990901
990909
990911
990911
990912
990914
990915
990916
990918
990929
990934
990939
990947
990958
990970
990970
990972
990980
990982
990999
991000
991006
991012
991020
991029
991048
991049
991050
991057
991058
991058
991068
991068
991069
991076
991084
991091
991092
991094
991101
991112
991114
991114
991119
991119
991122
991128
991135
991136
991151
991152
991156
991160
991169
991175
991184
991185
991191
991192
991206
991210
991211
991212
991212
991222
991233
991233
991234
991240
991242
991242
991243
991249
991251
991260
991261
991266
991272
991277
991290
991293
991294
991296
991302
991302
991309
991311
991316
991320
991322
991326
991328
991336
991344
991347
991351
991351
991355
991356
991359
991366
991372
991376
991376
991383
991390
991392
991395
991401
991402
991402
991409
991409
991411
991413
991418
991419
991420
991421
991421
991423
991427
991444
991453
991454
991457
991467
991467
991471
991475
991476
991477
991477
991478
991492
991493
991499
991501
991507
991512
991512
991516
991521
991522
991524
991527
991536
991538
991539
991546
991547
991548
991559
991559
991561
991570
991570
991571
991576
991578
991579
991580
991580
991585
991588
991602
991610
991616
991633
991634
991655
991669
991669
991670
991687
991708
991710
991717
991727
991731
991740
991747
991747
991748
991755
991757
991766
991769
991774
991775
991782
991786
991790
991791
991794
991794
991799
991803
991809
991810
991814
991817
991826
991841
991842
991854
991858
991859
991865
991880
991886
991892
991893
991898
991907
991919
991921
991925
991925
991931
991932
991938
991943
991946
991956
991961
991974
991975
991977
991987
991995
991997
992000
992005
992007
992008
992011
992013
992022
992022
992023
992023
992026
992035
992038
992044
992052
992053
992064
992067
992070
992078
992089
992091
992095
992098
992100
992101
992110
992113
992116
992119
992125
992129
992130
992133
992138
992154
992157
992175
992175
992176
992180
992206
992213
992219
992221
992223
992231
992232
992234
992237
992241
992246
992249
992255
992257
992257
992258
992262
992273
992279
992282
992285
992295
992297
992302
992302
992305
992308
992317
992330
992331
992339
992339
992341
992341
992347
992349
992350
992350
992353
992354
992361
992364
992374
992382
992385
992386
992390
992393
992394
992395
992411
992412
992414
992415
992418
992418
992427
992432
992434
992436
992442
992449
992461
992464
992465
992472
992477
992478
992485
992488
992488
992489
992491
992498
992501
992504
992504
992510
992512
992524
992526
992527
992530
992540
992545
992554
992554
992561
992573
992575
992579
992580
992594
992594
992600
992603
992604
992608
992609
992611
992611
992613
992620
992621
992625
992629
992633
992635
992639
992666
992666
992668
992669
992669
992676
992681
992684
992692
992697
992702
992704
992707
992707
992708
992711
992715
992715
992721
992725
992726
992733
992733
992735
992735
992738
992741
992748
992773
992803
992813
992814
992820
992824
992825
992835
992844
992845
992847
992849
992850
992852
992859
992861
992862
992862
992869
992871
992873
992875
992876
992882
992890
992890
992893
992900
992907
992920
992928
992931
992935
992938
992939
992944
992951
992958
992962
992966
992971
992974
992976
992983
992990
993000
993006
993009
993015
993019
993027
993032
993042
993044
993054
993070
993074
993079
993086
993092
993096
993102
993102
993110
993112
993116
993125
993128
993132
993142
993146
993149
993155
993156
993186
993197
993206
993215
993216
993237
993240
993241
993246
993256
993268
993270
993273
993299
993303
993310
993311
993317
993319
993320
993328
993329
993339
993349
993355
993360
993364
993368
993370
993380
993381
993388
993389
993389
993390
993398
993398
993401
993405
993417
993420
993425
993426
993432
993433
993437
993442
993442
993442
993443
993444
993445
993451
993453
993455
993458
993460
993462
993463
993465
993469
993471
993478
993488
993491
993492
993492
993503
993517
993518
993519
993519
993522
993527
993529
993543
993545
993553
993560
993562
993567
993582
993592
993599
993603
993603
993627
993628
993634
993636
993639
993640
993641
993641
993661
993662
993664
993669
993671
993675
993684
993685
993695
993703
993704
993708
993710
993712
993719
993736
993737
993737
993741
993741
993742
993747
993747
993750
993752
993757
993771
993773
993778
993783
993784
993788
993791
993793
993798
993800
993803
993810
993811
993823
993827
993828
993828
993843
993847
993854
993855
993855
993858
993861
993863
993874
993879
993884
993886
993887
993888
993898
993904
993908
993914
993916
993921
993929
993930
993933
993934
993948
993957
993963
993965
993976
993991
993993
993993
993996
993997
993999
994005
994007
994007
994019
994022
994024
994031
994033
994045
994046
994052
994058
994062
994065
994066
994066
994070
994073
994093
994095
994099
994113
994121
994123
994127
994132
994136
994145
994152
994153
994167
994168
994169
994171
994172
994174
994180
994193
994203
994204
994208
994215
994222
994224
994243
994246
994251
994255
994258
994273
994275
994289
994290
994296
994300
994303
994305
994306
994307
994310
994316
994324
994339
994341
994345
994348
994352
994357
994369
994369
994370
994371
994376
994377
994383
994395
994399
994399
994411
994415
994415
994424
994429
994435
994442
994442
994451
994453
994460
994460
994467
994470
994470
994473
994474
994478
994482
994483
994489
994496
994498
994499
994501
994501
994502
994503
994506
994508
994509
994511
994518
994523
994523
994535
994542
994545
994555
994561
994562
994564
994569
994588
994592
994596
994603
994603
994606
994610
994611
994617
994629
994645
994650
994656
994659
994660
994663
994666
994666
994676
994685
994685
994688
994691
994693
994705
994708
994712
994716
994721
994727
994730
994732
994736
994743
994748
994754
994755
994766
994772
994772
994781
994799
994814
994820
994822
994822
994823
994826
994841
994844
994850
994853
994854
994866
994867
994867
994871
994872
994879
994883
994884
994888
994888
994902
994903
994904
994905
994909
994909
994917
994917
994920
994923
994927
994930
994936
994937
994938
994940
994941
994957
994962
994965
994971
994971
994986
994995
995010
995010
995011
995024
995031
995036
995045
995048
995052
995058
995059
995065
995068
995068
995074
995080
995082
995085
995085
995085
995113
995119
995122
995127
995128
995129
995133
995137
995137
995137
995157
995160
995160
995164
995164
995164
995174
995185
995193
995194
995196
995199
995205
995220
995221
995223
995242
995243
995244
995244
995245
995247
995248
995254
995262
995280
995284
995287
995288
995292
995294
995297
995298
995302
995303
995306
995307
995310
995313
995313
995318
995320
995322
995324
995324
995329
995331
995332
995342
995343
995347
995350
995350
995351
995353
995354
995367
995370
995387
995388
995392
995399
995399
995400
995400
995403
995410
995411
995414
995416
995419
995424
995426
995426
995432
995432
995435
995442
995455
995458
995460
995462
995465
995486
995508
995511
995512
995516
995523
995525
995525
995527
995528
995528
995537
995545
995547
995552
995556
995556
995566
995576
995580
995581
995584
995585
995599
995601
995619
995622
995623
995624
995625
995626
995626
995626
995631
995641
995643
995647
995650
995656
995659
995660
995661
995671
995672
995679
995680
995684
995684
995697
995698
995700
995712
995723
995724
995740
995755
995756
995767
995774
995781
995784
995793
995794
995796
995802
995803
995806
995810
995811
995819
995827
995830
995831
995831
995836
995840
995840
995845
995849
995851
995851
995852
995872
995877
995890
995895
995901
995909
995925
995929
995932
995937
995938
995940
995953
995957
995958
995962
995963
995964
995971
995974
995977
995979
995983
995984
995985
995994
995995
995995
996018
996024
996024
996029
996032
996036
996037
996038
996040
996041
996042
996047
996056
996065
996069
996075
996075
996079
996080
996080
996083
996084
996090
996092
996093
996101
996111
996114
996115
996124
996130
996139
996141
996142
996157
996161
996168
996177
996177
996186
996187
996192
996196
996197
996198
996200
996220
996221
996225
996236
996240
996241
996245
996260
996272
996277
996281
996284
996287
996288
996288
996291
996293
996299
996309
996315
996326
996329
996330
996331
996334
996338
996338
996339
996348
996352
996356
996364
996370
996377
996379
996380
996389
996397
996399
996402
996413
996415
996431
996433
996441
996444
996448
996450
996452
996464
996467
996476
996487
996489
996513
996518
996524
996533
996535
996541
996542
996552
996555
996564
996566
996567
996569
996573
996582
996584
996585
996585
996586
996587
996589
996590
996594
996603
996610
996621
996623
996624
996631
996635
996639
996643
996648
996653
996653
996658
996670
996686
996697
996708
996712
996712
996714
996716
996721
996726
996733
996741
996746
996748
996755
996759
996760
996761
996767
996773
996779
996783
996793
996800
996801
996802
996810
996811
996815
996817
996818
996821
996825
996827
996828
996832
996833
996847
996850
996855
996864
996866
996871
996877
996883
996884
996894
996896
996899
996903
996905
996905
996906
996907
996908
996918
996919
996920
996943
996944
996945
996945
996950
996951
996952
996953
996953
996955
996964
996965
996968
996974
996980
996982
996985
996992
996996
997004
997006
997007
997009
997014
997015
997017
997019
997021
997023
997033
997033
997037
997041
997046
997056
997066
997070
997070
997079
997086
997087
997109
997109
997113
997117
997121
997127
997128
997130
997133
997141
997143
997145
997149
997151
997154
997163
997165
997170
997173
997177
997186
997187
997189
997192
997194
997197
997201
997211
997219
997230
997241
997241
997242
997244
997257
997258
997258
997262
997269
997272
997273
997278
997280
997281
997289
997290
997290
997291
997297
997300
997307
997312
997316
997324
997340
997341
997348
997361
997365
997375
997376
997385
997388
997393
997400
997411
997412
997415
997416
997416
997418
997418
997422
997424
997427
997428
997429
997432
997434
997446
997448
997454
997465
997475
997476
997487
997498
997503
997512
997513
997516
997527
997529
997531
997536
997539
997542
997574
997577
997577
997579
997581
997588
997590
997593
997613
997631
997632
997635
997636
997645
997649
997655
997664
997666
997667
997673
997683
997690
997697
997703
997709
997710
997714
997716
997721
997723
997728
997741
997762
997766
997770
997770
997771
997775
997776
997783
997788
997789
997802
997808
997816
997817
997828
997830
997844
997845
997852
997857
997865
997870
997879
997883
997888
997891
997895
997897
997901
997903
997911
997912
997912
997934
997934
997939
997940
997947
997947
997948
997952
997953
997960
997964
997965
997971
997976
997978
997981
997981
997985
998001
998003
998003
998006
998007
998023
998024
998036
998037
998040
998059
998060
998067
998072
998073
998085
998085
998085
998087
998087
998097
998100
998103
998106
998108
998115
998116
998120
998128
998133
998139
998142
998153
998172
998172
998174
998181
998189
998200
998205
998207
998208
998210
998227
998244
998247
998249
998255
998257
998260
998260
998274
998277
998284
998288
998292
998294
998298
998303
998304
998307
998317
998317
998324
998324
998340
998344
998344
998351
998367
998371
998378
998384
998386
998388
998395
998407
998421
998422
998425
998432
998433
998437
998438
998451
998457
998461
998462
998463
998464
998466
998471
998473
998475
998475
998476
998480
998482
998484
998485
998490
998494
998496
998514
998515
998521
998521
998526
998530
998533
998540
998545
998546
998552
998554
998554
998573
998580
998597
998611
998618
998618
998626
998626
998627
998636
998645
998656
998659
998665
998667
998672
998682
998683
998689
998690
998698
998704
998714
998727
998731
998732
998733
998738
998741
998742
998748
998749
998749
998755
998764
998768
998774
998775
998775
998783
998784
998790
998791
998791
998801
998801
998802
998803
998806
998813
998814
998818
998827
998829
998835
998837
998842
998843
998846
998858
998865
998866
998867
998870
998870
998877
998879
998886
998892
998892
998899
998900
998901
998904
998905
998906
998911
998916
998917
998919
998928
998931
998934
998942
998945
998949
998956
998966
998967
998975
998981
998983
998990
998994
999001
999009
999021
999027
999028
999032
999048
999055
999056
999063
999072
999078
999084
999086
999088
999093
999097
999106
999108
999110
999113
999115
999117
999127
999135
999149
999152
999152
999153
999157
999159
999161
999163
999167
999168
999171
999175
999176
999181
999181
999186
999187
999190
999195
999198
999204
999211
999214
999217
999225
999230
999231
999235
999244
999247
999253
999256
999260
999263
999264
999266
999276
999285
999289
999290
999291
999317
999320
999330
999332
999338
999347
999350
999367
999368
999370
999370
999393
999393
999399
999400
999405
999407
999423
999427
999432
999439
999443
999445
999446
999449
999449
999457
999457
999464
999470
999471
999471
999472
999472
999473
999474
999478
999490
999492
999494
999495
999501
999502
999511
999520
999526
999533
999534
999541
999544
999549
999550
999550
999550
999561
999565
999597
999605
999607
999614
999614
999621
999624
999624
999625
999627
999630
999632
999633
999640
999640
999646
999649
999661
999672
999677
999679
999688
999691
999693
999694
999695
999698
999703
999718
999720
999743
999744
999745
999750
999755
999757
999759
999760
999761
999769
999770
999774
999780
999782
999785
999795
999798
999808
999811
999829
999832
999833
999834
999846
999849
999850
999851
999868
999869
999871
999871
999874
999880
999884
999885
999891
999899
999903
999907
999910
999912
999919
999924
999924
999930
999936
999941
999942
999953
999955
999966
999970
999979
999979
999981
999993
999997
1000000
